7904922776501236397216985568039935749305657081286774372292246898665865191410458386494271932747982131089177579220713998413791730028653783936639721185937328
1846626012120793958237248128540496447449198728982027186655963886511152371104603002683341343904576425696710387459721512323377305225203692420045180374223634
5846777732106930050952254840866972480388092532237575461723943521450552941948406688017602707126151288685696856575786720811933728169292138130895545825546864
7247228641317087568099122026760250247730060568899849230394596378100538011837628170746913253442307736553136657129456523498279802088942720207067368407259786
8201024993377763772443720559972452994687278361341562886446621185116065197802143464224204740416598037433115763583798048614075796622542312864230021047255164
5732805852135858683388366429682511511262550514681066396515590168738810499585472862698516287568976372247475783950263215865194984817238756187648419144998316
922505946388734487602383590779596748660256160948353347476841273880766185391619294963502723100622548268426344355459719739877533260308350390610619191037815
5097589394317707313186493150119446292920176179742475233547547920976816540244729550527521574026658453288164175051476565382180891968745515196141813577795893
4150984067562734378130342822111417872812598039183102940747376641001821017163767033419623078046340038795146454655206607859605469752747636733998499572742094
1896894041083032873824481789409077978987130588313656044876644383887051372891645815521989160571811083871806010691824066995865870152779814803985852011196150
6464159948691061448932999563502534612931855944344252539680540343182261913591491698389036412508397263702716360165576478328894951404261594346930590207378548
3197089448945628799478863308697385644429605030401953657542681462908246607857803077753443158189719801104908310099331568155178612099527256840943745103617461
2562649577141797134695091508273410225080117149609220674195069674275491000853722672755670675084313745867415491415819748214702125421386123465185793269974444
6473914803689291801588705965495116612436128721769373980078143580894945361677423449131337658860487685681611748263353526333146817885313141558162047960711373
2013515320972287821084264363509923809151369770329274692308752717839066331756936270481822743591477261770151515645303358516544843834404635256702908806473548
8702077440086072172311908566256513329840707739063014768742444688827730172574902614131723742156905390814224999776555559832611975924218284011498141839038112
1679855579035757861791182409926098008118580917521006724475956409832831513669558370036716716527083280374040712564511220215090094810265460614635342920371563
1178377831639634021462012203206220960628426409503711061670781833444568083597177245742331206792893680962068204744421052177792904930195757798530709880638654
9408568755295642593289140400768363210689144443809874574501387911526559430009138058649130975964518794550205157599272629451889744328484668822289516299630276
5295442053979067480834531541997095588714236199792229573204127317075012328896751642797964471722412379638999836821216675933073519420162422681419072674334663
4387195617723802920401801896070978303479271409637013693945260199432082832925057148554499849317890613606708387861458571523632108478333112168072151825177475
6440622964047116494265452589886651365046232205695057867111530329970294469825140994278205389108438121321644517085245121645665471892296983473479791090588812
7381016077488709068349817851674404925342464351157422453930720178229731081208700875532017468239822976792125401610112931393101989064756157757199652136715868
5395019285090881432974134616082857809009230393538936791785326541635614092677802085209349480842629447483087384592495097450479659457016141089259485238655390
8144233662304293731998279626117828802944276779203592742635618951972174222006324911032333726212566202644530438275145810803683657905253283444351669008599053
6077324181790715218726377144158802458156506595294726578285578734829968457244986577044463977800768766748081175345517263326132676346480115576690861141049938
8558065669952829362645415389347364411277814031963704276380614213712098100947050751456082538309220483676883269850004693820119867954225723234779607191757149
2870015865036119570895245707397973009767291331242280171462527674350380500218474614846532309963664916301613216382732304990558341721160063139392337145590070
2680976796329298166653793429630840229443470124589710601781267393394283846108143019220755925962445033607582142881066594832273978250912553877545837241178779
5245446065017240709983613864471826877592380182333279655724363368113428071230080999215515849782022781967454835388749783549519596370315072830744919547763099
9449110490110344925511470714738698808709164748688777475102923063109330265229233497782991067276514789530247484648501090166076787916824715267462901431506736
5341541766841225095045632329962937343190880115362492288910811452473264156176118943065802397601449764760588156126881802361540392366817286932286188415198669
187493515050746065177550872366979201714933665590805873183380343311486056901095154013997243627073112351385332614191989036371913270647146001652135392158733
9145401134344554301688026452826046006911202403633318184163404743289497645153460611405588354544379024179994688171962374318739307088932935410832059248081892
2598498818994250476134133501733457724630117582983266120945271159892373365273611888683812579000192618531790750985191205362741701480977633576805729134811831
5038025344846034751263653795306034487520978155991629787789532789567978136444044241322955298817495768489622408491512804721055092872458057265612227466862637
6407620972714091178855278604354010562882342298733448740096608305367484279667377877415470483523779510067610955921548639228684145917017904689047988308103709
5146268428173925417087061481224436747396811962102651442814332151081192373533515778738827922803188690873532252864449166927782816912657873964146251674178010
7422137811934215322623391936149993122866571145229645259952200611237187868690859457311039620447700734136356878546239236441020816489782444372286311170802161
8855024673814523412388200013988356624011466336342472475316539449834011222175206844657873075914784404569019686412766967458554155701758133736917027562878488
5749064709643465368293476301233429714910660974588108639515790534673515491917974360996848071361794939403073763913189184334580029000355422910657679437233904
3162014672052595927053179248037847882556660787330761418985882946656084661848843600831900410282573257338711828083937226633280432034668488458506021040625345
4063770503488967237110100894145291432739342383504981020910060204600118235266957827774402941613205600588062698233634417781772040099256023115997935845104693
8094620136210354335467873457822691291522589690514232773701599470828246331079296330811621630389698894978085729847629779000614782747395061297839676123029727
6718763400558244531246933818499326023425216055798406837231752803223896277787587554872708400737496120708281818695739110310649380403445387476794079031097632
2951446321932438685277873259878345457115019157342712773756403353213145218531010000485675227728565141002364030213294749446975517063979886292187809470759926
6164705380568298000911920757275980822194303080057880009446404287949424264831504484446973443988945253823481275975689295014317263206532763740216897962929624
8315787719244833955926144553490666272646142077254808090474490425122063589436901151913936373557160174277559744521644063926360423955323970668663753576728138
1856660383425463844857320472928057050504823591248837316795692501772242403900093239033058412730276552946367384914437016610073647612907867652922187530070106
1285130421864795820857638729411745360449901602869309286347329905847385914999740528801545755615603342852777869529364055223828039075844672985288044295379883
8886576628530919379770437794341352398419567761883349260599387079371646813461197374513446147031496247815129440344046240697794179497213161857779091696406794
382981832646564408724572700578989837744971080838065584911787843663507429945002880481660230201531353120394473189611643434372631156897126631915983666704205
5100799810574277463677537498673752885552340531337320921415359165456428384487051140690817104134739586170626449719834824484984058536462968630422241200158095
494260214895770413694560005442535733704598062029236972411924745463595746653899167275037167725652743852097390872705098092810427881408191880481480049997921
8655572587120416403637280755928896054173360351424435881653147598326695353718183398776685082682183751213823503912788140046137140733283993706266833349611268
8744178073244928433226972424600236148886369362704732248649007995541657899557891666158662400203125967720281775718836322421561063354675808827730324404505000
7887637755266207038167800439597333209841750138537942714794454421263340135209179265333515743554068071367486515481712518645937971125526195148349457102872788
7245433955292218937936689518403419385293761094510621117006341524666202757375869513398922394803409594246819367601771942102396710362832844650506819282217939
8873872031876940306742031153011132407468052519548142112513875760818449923043856600104228962524480024606857951968473914671215770052598864072568970838938730
4434501073160911648369766248355359796587192020248452482513576164561012883963495938579988635749255854456252335895278345384254817989465115253310561256235395
8797871660455595029197452314021138094045533534660426543300294790903072783300200744868940965331017171250871231864031837833163321516879922857723912387114333
3395701990734701989084116515647517714025743445491029148618567211145888872364626987662764057624072386527382459201696576488779879232128498637801133231101432
6512043675197286882684407176160434487179982312132704808490987574879502464671750503481399621783354565217014782503408702579866565960074005646895054182145554
3427787497622316908965580286075014987351811707125562031636191042698681245883785761747920723040454288452478426170922686558343081407676571207802833254707946
999580205710828515932688075050107794004120295736243993329811172735757516395516482382513616746686796982222774643444420818616588887244733009803222171903226
9542270086280957000375712702411054168555649623933152472393671069430827348009890538058711291674185072075659011816899913092201671452126689752928092155062906
7356955254280568650034911262110504492859558681320293165245706523988076680940229406832907754273017025773626293945224627251911874527814174133537682249719928
6889570274855743146209179399024891670807635467979564691775093106739195309820876733442064859977909848866806841941649606032404107823162919888507304741647
5847008082846763586655145341347354695198130074617403156303727138737199504294120379568407442275139674111764328320844335471235642372440398225207883067009680
3165226560188581218250496066833588003299009723071709856547838890234717204952368591975598447238769537265349960050030593812113038158708050384945473367007926
2908778338883079970042492788875999426321098887469020398966579301573195543654530190010873691426245591542462242836001605748579116180721456921420452295881907
4247037641552976937755492489135295780169803391881042928047559417161096909328386955843502556030428909847187918368698841488088279186084378161571555742675831
5213084433781203280895537135297498203366091413339698247516161161018772301635106460304307910534612582333674403659284616088236274717573575953084445257263448
1799940302541144092617100147102462493447481897469231863494474002875696391837704445080803751675635716344858670122836241823864195574989397619754935748847169
8519565241295165687544930913855353545744880243669369831300565174136023205310785096121814874796773811522385470760168227124068010567144253574205470456700486
7075931965639914149604033508808317937683339531066506595419562775404857320091552354375209534586003049778009985660719028490523811202210602938893733586517324
6884116817192122467266589723981189895369005926622538811504930465742121059253643564477968568443546539369289620246377328983553248249989732593315310062049117
340692225191040083507885766108503752969472994780954403954857176602289634196127120396073268065863818162580583482685194756502647130716850245279645518771021
4640491067515762863377521901366740647896532344905502090301462743117273035194551195257189593662989039063210446909525996628580302588850746897942206200168567
8120224797530813370125620256775279574646391637878549217940007133527103888275943177754723024723149053897200415168588378438661293127824611929069209639217839
1054780974810080258270591213106893637780097841333190446049745070495018092024576607512845329840823290005484025042112148462730510910958453018090959686334950
6932933725225606967372775982928095194305788260054834016023789333093568794811197417139149067595384990887552612029286306527358390482982194231055289218284633
520560881419806083011175409324457901140191774281725035153981334374409693086267211185457636086617688305055373747936623221390878195681805052375347918366009
7409794874842120960863272254487579212607543100129728768334677952160768559985854846311264581886148916187843873141997683281371568446996387487557316406805646
1489929704937401172927702894730002973790242543025759429526813156673555641307212079816880050475831523555143374962828283009200533678159394404505946145711421
7869917121390151883863481304487974889813375102465245578206641388663200612008643520288409583799707072539975067005915021651843800484779886431054424147835333
36293806228506214070766203893368825719721657010554036888741300363113302977483924912872505717833542324220474298924759715608609424469068794656549798876362
8115879185270266089676515434662026013153122291365845049483896014288814450191352846115009367429987112317363783238187662875418960595012002202845304725804816
7216477244245272124225927915446085633165208381617818345287613363804653737056098664919507532379197854336605744071625530801728023528918166886688763453851749
6760064440403140119707587841921633259267789190949432170845633901756670061600746047802658214033580060683742603211037987855191516704617231160473848975967691
9546664741985034439342644316240387349769712290387084795939967592164130175597854185328770062043798522206350173327785076180081370448983313837374051597901216
5677713113606516806732285664788540124712127499248019096395514454597105746022726745835560579641489703131564256151829064158110015440219787448875504863337421
6852952083837897917453883865874644105611437388280073058293936202638988527903039287547452834001354932506632453086147483953061352686608235537401352201024594
4440666086632584774922052451788730428941007593626417823860842206910817837013357964009431632624477835665204491562323848884036957107643600081252110516037783
1197316524452815065251443004481016788766474058357647031866491776113308891261933576057805080469357881621023728673582536752907962069102710147963444348107762
2457345999961146982146616804118119594309423664607352902754328100044882789938139760672054315532266212807877658639465809485164401810090094982318188941717659
9238168685791763388585460670793749060980660241741358945225224129544966532992398093545453527153893117942254918224154999387816144639185484023738822006228956
8621313330416544370490058790515830817741156521251090733787586396725125435675700683787735117188696006138643868482341980900264708818506076767931779664541897
7056124165134658040809574745467919697712017510000995870996864850415251908876749103371612064658878696356396957318865859402405619605123597520331472051096631
4650885532859757893728099770653777823284936254742275521549802726498774607360927898538378943966041147587174360806934810723945103061574147772592120200024124
1103694183838771086375267421933307392814568772590889494163026527060656602870809095754594302264144117136371046825550125103068285947738527698641984324270026
9250238005972563453034887354251483279687403554131073963490522672462969782486497746619653912923022468447130768931010313761414150471613630312307013275538542
5928991206494098739482832203046442671277643145660795233283584983973350207077636269827152002943385550327818827633619600625464706222779865348515462101032980
7790360411041017676102174075010909182337452770642702761842627433677204659452331387296037943712262019235136864181998564086043482874011654691807677834201886
3396423762217807692336138328165110301641848893803690046373984859901404381029779734364657192052028439271007178984264109923496260789745067858751616743660256
2696656713354460900472133139669179692861169617521951776291830607705431896853525681242764244238163012007264344265774564279620276222854520022818625694630279
3362442088824380929754391756746703892403318519498384596417808981898108515350291603197281552440885511579831572039267893115111169972624332112245330014556256
7163461666685314431688079755050037608189222491313277702214036963155564424883055851441290915967585298996359033534789947530575297552073632910623229337102187
8641730054677328212997363713006079810319905173265510247846122353057069894556864608576569128210602724065845094288825241368510806826401299470636619598930647
4942462924490916699944916853553968782019814042376017096247055532054979087087651145563076725021858332761042087275095850198494632345730398905272838170557677
