464689835361586318709864641994719257778132175851694422187610326356197251985625928816481565957400944562739534135616964206622182915562077247166685004503721
1243773886679677349308920434706281752002679261673118301343449895504901491537560016142594959378303727011129454699430582309267846807365756651361099735320771
1967441076766647477400328913127336414935009103377588904172438253383776587597596055826944833059933940634917884743119036691672151239846683727579190702519543
8466113762332750060154702405612994529175479337329140773933717028587780239728491670710471118542882627244932660065607833754438104061346897095772119936695024
8105209067544404962425891735741344043981136474928947766764771737661889600922770440057871047989893096746688799131590664157348029296388682108846163249069734
0
9112809793081827068388906264538019957945572478928143661603699238443760305616009525854948019077042067499343269764168137569122318393016182427169002347213381
9100643755918192917971842261739494235896706647121348283949685333795207399843846753817844904088759350212845518731095768471000291879036616587677624054346758
5127366472052851808367164550902843213840140208851291979864037971908470214484090158056615009358897209596977888633230061805070177223986579738939213636443682
9182274641435689873743306817477688251341094180985448669887640490367281286111177690535642165804553010319915963878268435330010389384725134928103157973773947
5004780235248257039248316105264457211828380569467223107109859356421895678000452043832392088921654605734124080716116799801476192718475656033850389203578098
0
3627783225978372005184206483929415958063388401414324370008860493970916267736915730540418407984769795554589201758106182977963130831618317701561079483154151
0
1491615193221861522881782884825228717965270106596076190932666387520705678816043237499034433067595130008544836581795426106014495062541209378423772272894190
7089294387079867381866168272605195744312714124735597940968981477788350444691859239656856935607381774018140037437623962212947672622695859437541835218121563
587593209748648310682455408711632456267270171409161005261395425077298475777922290562540368302483466373093096336812559153067232175212223608868472301664318
0
838405093824552011142112608305062749806576175335686535530543239887258311340155716270419868675397305892976109067151234012745195917244281075613492415842756
0
6613523508529699929752608011510035323646351634042002060330515386757267812601044228106688342593299958839605658555852941137324968574001607676479572703260017
0
6133271448028020067568834494044598810304680412854007285695382521964414744927108055861584604879606591787914138629535722587332638582300538510692629097559751
8301829025897988192792584500350105437728696557943892802988218159040903171448560126974890875853116516475004312690430809221881090035579252087762036072640855
7370176246840953149832803181467755482915696606077591979798543499394845432468571341341377921185304361731836205697994767596085761093348101607800430309880375
0
2186845111623396897600745078081571817478583557848041978343543910660684513957479915851897909825997801002644872314848964516369276355591326183358364112820336
4817624813083366494875522985332576307025434963001980565362083822551231150939518209689335546422802203977629913704446535777414765491983462148678500915803290
2675149848846309675334557148867908512021303943603550584779429604324353304059439828010067990035191555776278472744150911034930726849843812203244849700137794
0
975378918598842564309385357931602602100269009970963429335783323484476590659390367780337260542898021475047852043985766834817156014017289754206653523606617
0
7007685747997923014811021820276596336027342092366858850088996628510420130529497188127034605313886699367379668144822000099532794717049350969915724830409641
0
6627453452735550514908417320011888381670460789864566917825717145217054443493894805645664098604278131178197892906837908095462763258977875955706211506099473
0
2168274864407286296823664109435335842170279905043329240994062796738822368586765117361277852306703242400072523292117489320942976281170903093178900662724068
0
2015292187581035938628504559735775176353400224168014647074214301178795148779702833478114433610572295946831229866897086538242360550011118647574251575007469
427863051354395776072882046220969715643807353869760255987211672367787567119840325697315302954477950544454464262004547149666468327018824646267833236032571
4658309884386535568851022165851518272302430758855201833973143984846023327091808979514710491996402249975023053195686795566631663771199876461727204307079190
0
7025994255540383302816083925242919509245386542205787425278703500147944103642294799190279730962108588160531845422443358441699736577431283116246271386926470
0
5369753267624126166868285597431331826559791027766854164092926182686947850359567419833710081553307241361564374717336779731833829262074920552352975847772743
0
2564785088492549501550089341400545966023021685386807158548317809027615893503779768308496108193036856193933412716345411096725477824150188794700147538195954
0
6888127682336533554300977244031412323127390748477424354701732507761625266070464911704986527957635286989992196403635059494556358237053673213272689661075436
0
1059336446249061592597646372947999231097930484908268700743978061556372631624222890443310728935814937884734063378381695643683443260401017292760069567522977
0
6379879018922897029830501886861518337677225005577071187811091280736057292918780469855277695053093452465438686048016893750675023928877687339192486146156123
6509756453075081926631484621645585967960267256143162243218281362124732406734054835589048654871217500300202758450240658560840838904109378437992218841308855
944836497583879684494278095950187400755539411746238803663380253915058095361424454055316203799607950630211190128115852681956039588650287433735600799355606
0
3067448411622285065115430513949304582996622293206432003285800205121280149727200808803824444958592501046856008312372347989986261461115107019179768669987107
0
3398349156542628379101292859508684623188201636663722697705153342065914049181523392277213500246645199868110722722055698371380478583653160012270581160014706
0
6356377289380036605321986506282318399843482401749499357086763486768786634907029592236020910138511765869505580607668209861412974668725635304510257218369559
0
7271075922598275463525496695164799968411715492061475272636893257461521061795517126375079335569738392303171246262400069957507792005480860832263119316832780
7851066931921315440333841171778423501141248050688132059580458241894012635403234573926210409938615316977284641271315117911514646651591086915194523523022181
1557593952901747045784773559829394998180768264474308107806827872379540018923728314753185580291615052473915029844500405487692522713806538338608239356885141
0
9482230698288332164349838134149029636645420808088015910960913802414612290316364002863520411390410981967371417972933738632616658839153666783292572857757646
0
5024824868801002857123975859073212427800598745410801968567508366558127912288536152577595026578858542597582732377462024063417505877539089894447033319820993
0
4754247440860798392319098408300958919326157984827431087462679486177181861874183074841907985869532626437795340809607505049649642869891266310912322760608682
0
7308243305341057834536554844391718684742947853776186753484590547450644530579821117342962176648085921228355562023120755218362024118264696672642688126258590
0
4019993948814106990146827927798439430193446308176809540490573646552541335755387780436485768994054890038487659404371630276726932930918305561783039703629831
0
3616560055325180566315745413116377646775222699370052633052469721152753916989897271081301758342134006903279662087212307505821806464389825327176183273429440
0
4642630118861544290497470455839712214936857856063417113223217642095487973568858048324600415243170931665924746083491711428736528302715402436289157555597205
0
4870758701632194135348550998503094166197330381143476027510836159384236321617122722772956862156182302830446634804758447880410443938251805745319168867826372
0
7957879432539112685286837618540597043543388286567404653883170949553224032078820345306550300620361351683443606418377964936599911980420729745720517424605064
0
8717692645067482506375803106151045367770191160939999209002703820529604370742110644819393791440953461754405292817233973064955930786866854902188461332831928
0
8904279798258141791225138257096585187989956358921647676773664900887851816523679560755410103486153210647144023532621515326347440695900846877441568377247534
0
3679453661946886578408297625860729074521010826736902857905617065857344927273285897150225934215754390333087170882378627412457508707886800952106926457918827
8100798995534026321541767531054957975001836697193615542567693863412684612481198865721007683908359839463192211690364087329667082958359041152104985993330412
4521248365948525506471006451534250136350873008087246823362025813686166501131549164551616084113030696361348612313733461511643278162509550272066319226721210
0
9549983379294916948368518922533066701787898209538993715173247054631380976779097836994736578231080708932492772012558827628686940497166143593713627523795247
50941714356396630509360197139996611001882305552458627530287217226423015350958254369018074279785001539286762445261500287068513903372377667638861482755255
6365874878177540866091460283720282868109756866541877341831966205517764290825019890507717192765607513019967077565918979317209192852254632678966334240475017
2355704738414625409932314827378194821625277493881707820756052730281883271992132613072512119850069975759090848965015644437776279044799441052547242304631468
6791623232550949277430258200105958780436733620564186326378111111931537338999903430833802498271897031253384964693771314519814560183227294599915240234836007
0
6952965607758371329649754313466259821555882032434928751211914934877745029367926458210390147715996456339549238303579748953526347255645721911540405335306162
0
6609617451664378269327392569060351527651493231751498536143466551576003362322530357341122432717419217171221572826069543217586611752213861886755937619595668
0
514414431989553965098831386437231742543930746965324853590636478414715048052511486523885237319484749755407670766345184654813862554741272845656106683270341
0
4671583594439104260401430361550561316934659293757235317617150202117466958860133494201130393173464225323540772967702361055155187770878590928278586707321014
0
4677923237232601070171002198388563747070669860256891950106174838926659105726571846765851650497766195080719698923392310649596714388060451342705585905096702
2585472031531620679469032624525321496417351233931907595311232881929240254135799126765478468163665299770573417442841388354443240470876992926904015268315739
2284374119590937274446342676084081596974733771954745935715556828959905837810852375379144952808233988757745237495068824506725503879041534787595042645412845
3564679658168863990051275951444547423104007430937125423175073280696581195965306551202054806105902772647611576690778484383390265782433138275333652872492782
4195363592542645376766638033103989219148670372509366759822307181777357500312785324451080980750301676345227982706357570722399602253831396851498915341658815
0
649433511534450137413662911497529596944934361964794510547216175968889089502846508761182458515280325214188154337954438271717966987875224019183873892456078
0
5873871098315274538662721809058970737570432537155670532347975577664083144576508512095313987658785063786058515424509678676542629043591700848506390204701424
4235823872632063242289376565059265639357914993128964650790230444815134668490318626432313997266075717792253305874518897966914891878486903961447976200700151
7045595587578874974434948039684382277707639030430705090760166701942072760398451766965856810163438248672318517137657569297307784219430662285383087791021123
0
118605857412241516192355189138627332403878031086475085355557893300786479249925435211281544067704353759654936720970272242983927273019711439797295646176523
0
4216637623606997616307407857848052029497453891819171065470474608158982703606201031087298863555681371235192123607862355781852375717714977177068404695876775
6861631961023274562319186570549441802867954235647978391361285549126172545507683038950065141332581232117814438147424789734240211364194664488539346426265935
3190705532713327216919699375418108106119713867786056399975445313229353178760730265049893918197434785224025373028943512117402287522643124754922470093462257
0
3411255370419715154049093569317176690582883884140584164323611166283684312876098184340003092798996910971076083754534929695981447464922504919798241625368380
0
2108031535804993487846065119477779187157506545043895318370611333799721226994365831482878677368266689547049455526464374237091232484629309263966553742191903
0
6320243902371937005082200446885559150580686118764033830079533411281007148770295383830880791361701633072592045513680575281998214152734578400431148539119556
0
225394061621607993091377969342565690953745228482192265498025637534611865288517807478111447103719242303528893384131554131519872113175169699936404160313582
0
6919985522367627566213067132166508573304593709716532245233292083632543336788005660110808323350885978615517540603533427316840434877255713280702102393824093
0
6043181900562271149102096077279307116933036860780163482434296223423214772033493736723102033927796751806800423382456260466320684283255882051882116276523917
0
3539994798342355696623144759016092444626102209802041809881405441195312009689803730149474717887600933565671382639495618671857488682243365660319135682326063
0
2656133839423580118644227807901234418192582115840334849575051072228333397417708092246865220226117175039906883338582433300419549582034530498722116270832821
0
8107782016136456083096150053485461954228504593911581977142179766058385794532335385746754125679553148488998847624325776558414905387444968068768806886684510
0
903031411853186761833864464801331460580183331875654591543683491093955183454829018566486065883388571570471286544237688412137295511088201412904065193964354
0
3533264814132981405943789293271666414555088616007087084273148745229817282517683551416591403379845060361354973471882458570870400377547904952628754174785120
0
8007157519474323684991769154120757787609773965764619586300750498248693127735192133663096085191243676034488953390337163069103213045726596861025800992916217
0
8529223043180462660234908195918922430484796506505075959969114463044140437096501802415908758140529516943229332790417384242244511142339885164249966351237010
0
4012596364853527913809344283363934800042228723169307304921221105769797088549596785048063034099485803497922284852516934286301124379469369627258532134074730
0
4684724697853064166333133595846290496602860071868588667231847222961249766608886428557546510867418187481301297413007880274033677453955125283373905964196452
7454553279751480351018431464203369569543101210072773882557977825844773885319518381547781464176129216919961545997108735665285273310319777160740447554662193
8366989140007638445188409302584118481297581475758460520626600717667809889937599858662123517943088463758862797691002697558462314110536864153548570359840614
1326832907310307813843636953754158168442209633355566639071125378887342364304215363495811513901270709217263440198437896531081111575661536121564598735373034
105708899085359445422751523311177128197111842198592186839091348636017008839012869929773763646964630895141630558386432084809935785765534929876478934427975
0
