7904922776501236397216985568039935749305657081286774372292246898665865191410458386494271932747982131089177579220713998413791730028653783936639721185937328
0
5846777732106930050952254840866972480388092532237575461723943521450552941948406688017602707126151288685696856575786720811933728169292138130895545825546864
0
8201024993377763772443720559972452994687278361341562886446621185116065197802143464224204740416598037433115763583798048614075796622542312864230021047255164
0
922505946388734487602383590779596748660256160948353347476841273880766185391619294963502723100622548268426344355459719739877533260308350390610619191037815
0
4150984067562734378130342822111417872812598039183102940747376641001821017163767033419623078046340038795146454655206607859605469752747636733998499572742094
0
6464159948691061448932999563502534612931855944344252539680540343182261913591491698389036412508397263702716360165576478328894951404261594346930590207378548
0
2562649577141797134695091508273410225080117149609220674195069674275491000853722672755670675084313745867415491415819748214702125421386123465185793269974444
0
2013515320972287821084264363509923809151369770329274692308752717839066331756936270481822743591477261770151515645303358516544843834404635256702908806473548
0
1679855579035757861791182409926098008118580917521006724475956409832831513669558370036716716527083280374040712564511220215090094810265460614635342920371563
0
9408568755295642593289140400768363210689144443809874574501387911526559430009138058649130975964518794550205157599272629451889744328484668822289516299630276
0
4387195617723802920401801896070978303479271409637013693945260199432082832925057148554499849317890613606708387861458571523632108478333112168072151825177475
0
7381016077488709068349817851674404925342464351157422453930720178229731081208700875532017468239822976792125401610112931393101989064756157757199652136715868
0
8144233662304293731998279626117828802944276779203592742635618951972174222006324911032333726212566202644530438275145810803683657905253283444351669008599053
0
8558065669952829362645415389347364411277814031963704276380614213712098100947050751456082538309220483676883269850004693820119867954225723234779607191757149
0
2680976796329298166653793429630840229443470124589710601781267393394283846108143019220755925962445033607582142881066594832273978250912553877545837241178779
0
9449110490110344925511470714738698808709164748688777475102923063109330265229233497782991067276514789530247484648501090166076787916824715267462901431506736
0
187493515050746065177550872366979201714933665590805873183380343311486056901095154013997243627073112351385332614191989036371913270647146001652135392158733
0
2598498818994250476134133501733457724630117582983266120945271159892373365273611888683812579000192618531790750985191205362741701480977633576805729134811831
0
6407620972714091178855278604354010562882342298733448740096608305367484279667377877415470483523779510067610955921548639228684145917017904689047988308103709
0
7422137811934215322623391936149993122866571145229645259952200611237187868690859457311039620447700734136356878546239236441020816489782444372286311170802161
0
5749064709643465368293476301233429714910660974588108639515790534673515491917974360996848071361794939403073763913189184334580029000355422910657679437233904
0
4063770503488967237110100894145291432739342383504981020910060204600118235266957827774402941613205600588062698233634417781772040099256023115997935845104693
0
6718763400558244531246933818499326023425216055798406837231752803223896277787587554872708400737496120708281818695739110310649380403445387476794079031097632
0
6164705380568298000911920757275980822194303080057880009446404287949424264831504484446973443988945253823481275975689295014317263206532763740216897962929624
0
1856660383425463844857320472928057050504823591248837316795692501772242403900093239033058412730276552946367384914437016610073647612907867652922187530070106
0
8886576628530919379770437794341352398419567761883349260599387079371646813461197374513446147031496247815129440344046240697794179497213161857779091696406794
0
5100799810574277463677537498673752885552340531337320921415359165456428384487051140690817104134739586170626449719834824484984058536462968630422241200158095
0
8655572587120416403637280755928896054173360351424435881653147598326695353718183398776685082682183751213823503912788140046137140733283993706266833349611268
8744178073244928433226972424600236148886369362704732248649007995541657899557891666158662400203125967720281775718836322421561063354675808827730324404505000
7887637755266207038167800439597333209841750138537942714794454421263340135209179265333515743554068071367486515481712518645937971125526195148349457102872788
7245433955292218937936689518403419385293761094510621117006341524666202757375869513398922394803409594246819367601771942102396710362832844650506819282217939
8873872031876940306742031153011132407468052519548142112513875760818449923043856600104228962524480024606857951968473914671215770052598864072568970838938730
4434501073160911648369766248355359796587192020248452482513576164561012883963495938579988635749255854456252335895278345384254817989465115253310561256235395
8797871660455595029197452314021138094045533534660426543300294790903072783300200744868940965331017171250871231864031837833163321516879922857723912387114333
0
6512043675197286882684407176160434487179982312132704808490987574879502464671750503481399621783354565217014782503408702579866565960074005646895054182145554
0
999580205710828515932688075050107794004120295736243993329811172735757516395516482382513616746686796982222774643444420818616588887244733009803222171903226
0
7356955254280568650034911262110504492859558681320293165245706523988076680940229406832907754273017025773626293945224627251911874527814174133537682249719928
0
5847008082846763586655145341347354695198130074617403156303727138737199504294120379568407442275139674111764328320844335471235642372440398225207883067009680
0
2908778338883079970042492788875999426321098887469020398966579301573195543654530190010873691426245591542462242836001605748579116180721456921420452295881907
0
5213084433781203280895537135297498203366091413339698247516161161018772301635106460304307910534612582333674403659284616088236274717573575953084445257263448
0
8519565241295165687544930913855353545744880243669369831300565174136023205310785096121814874796773811522385470760168227124068010567144253574205470456700486
0
6884116817192122467266589723981189895369005926622538811504930465742121059253643564477968568443546539369289620246377328983553248249989732593315310062049117
0
4640491067515762863377521901366740647896532344905502090301462743117273035194551195257189593662989039063210446909525996628580302588850746897942206200168567
0
1054780974810080258270591213106893637780097841333190446049745070495018092024576607512845329840823290005484025042112148462730510910958453018090959686334950
0
520560881419806083011175409324457901140191774281725035153981334374409693086267211185457636086617688305055373747936623221390878195681805052375347918366009
0
1489929704937401172927702894730002973790242543025759429526813156673555641307212079816880050475831523555143374962828283009200533678159394404505946145711421
0
36293806228506214070766203893368825719721657010554036888741300363113302977483924912872505717833542324220474298924759715608609424469068794656549798876362
0
7216477244245272124225927915446085633165208381617818345287613363804653737056098664919507532379197854336605744071625530801728023528918166886688763453851749
0
9546664741985034439342644316240387349769712290387084795939967592164130175597854185328770062043798522206350173327785076180081370448983313837374051597901216
0
6852952083837897917453883865874644105611437388280073058293936202638988527903039287547452834001354932506632453086147483953061352686608235537401352201024594
0
1197316524452815065251443004481016788766474058357647031866491776113308891261933576057805080469357881621023728673582536752907962069102710147963444348107762
0
9238168685791763388585460670793749060980660241741358945225224129544966532992398093545453527153893117942254918224154999387816144639185484023738822006228956
0
7056124165134658040809574745467919697712017510000995870996864850415251908876749103371612064658878696356396957318865859402405619605123597520331472051096631
0
1103694183838771086375267421933307392814568772590889494163026527060656602870809095754594302264144117136371046825550125103068285947738527698641984324270026
0
5928991206494098739482832203046442671277643145660795233283584983973350207077636269827152002943385550327818827633619600625464706222779865348515462101032980
0
3396423762217807692336138328165110301641848893803690046373984859901404381029779734364657192052028439271007178984264109923496260789745067858751616743660256
0
3362442088824380929754391756746703892403318519498384596417808981898108515350291603197281552440885511579831572039267893115111169972624332112245330014556256
0
8641730054677328212997363713006079810319905173265510247846122353057069894556864608576569128210602724065845094288825241368510806826401299470636619598930647
0
